$ANSIBLE_VAULT;1.1;AES256
31383833383064616335353136613435303966343533373963313934346564373837353532353863
6431363166363837343336323031643166636436643333610a306536646362656634376365356530
66373737313630323334383535373530356535363833633732623431356566373732393237643431
3534306166323135630a303765343761376131663431353535633734343862333131386564396632
37636161353338316430333336633831633137363335356638333233623463383232373364623664
38663136643736393535303639383039663761333138343837333065623732313337656430633530
35306530636562326331646437353137353761353330346539613761386463316566633136356535
34656465313335333037663531653830643836633961616434623862666136383633613138346135
35386331663961323232356230653362393031643733386461373537626334373433356662643765
64636663396365636631613235363266393764316237326638383838336637393864313032636563
39353665393361653934323531363733666563396231383739363631393931303136653437383363
38303631343361326536643838306135323230313335376133366663383163613364643963326263
3839
